3.486143052577972412e-01 7.639884948730468750e-01
1.000000000000000000e+00 1.004721149802207947e-01
3.674590289592742920e-01 4.961757361888885498e-01
3.968818485736846924e-01 7.020600438117980957e-01
4.666802585124969482e-01 3.959304988384246826e-01
4.926638603210449219e-01 5.608429312705993652e-01
5.564189553260803223e-01 9.160360693931579590e-01
4.968012571334838867e-01 8.849151730537414551e-01
4.919188618659973145e-01 8.688665628433227539e-01
2.547380924224853516e-01 8.073673844337463379e-01
3.468111157417297363e-01 7.978821992874145508e-01
6.638054549694061279e-02 0.000000000000000000e+00
6.194959282875061035e-01 4.637512862682342529e-01
5.142823457717895508e-01 7.372840642929077148e-01
5.141332149505615234e-01 7.693067789077758789e-01
5.663273930549621582e-01 6.908994317054748535e-01
4.819492697715759277e-01 6.409244537353515625e-01
4.613998532295227051e-01 7.803282141685485840e-01
3.059589862823486328e-01 7.086575627326965332e-01
6.295961737632751465e-01 9.499337673187255859e-01
4.945551156997680664e-01 8.725569844245910645e-01
5.671930909156799316e-01 9.294343590736389160e-01
6.142640113830566406e-01 7.805250883102416992e-01
6.501715779304504395e-01 6.804540753364562988e-01
3.464348614215850830e-01 7.322271466255187988e-01
4.812681376934051514e-01 7.013512849807739258e-01
6.840386390686035156e-01 5.152485370635986328e-01
5.494706034660339355e-01 6.305978298187255859e-01
5.002939701080322266e-01 4.301694333553314209e-01
6.008225083351135254e-01 9.277120232582092285e-01
5.248238444328308105e-01 8.947693109512329102e-01
3.882517516613006592e-01 5.565058588981628418e-01
5.785689353942871094e-01 8.855541348457336426e-01
4.138387441635131836e-01 8.419854640960693359e-01
6.940085887908935547e-01 6.175022721290588379e-01
5.254005789756774902e-01 8.059104084968566895e-01
4.109274744987487793e-01 6.499386429786682129e-01
6.249473094940185547e-01 3.878341019153594971e-01
5.374795198440551758e-01 8.623884320259094238e-01
0.000000000000000000e+00 9.836504459381103516e-01
5.574059486389160156e-01 9.289405941963195801e-01
3.741618096828460693e-01 8.259479403495788574e-01
6.197171807289123535e-01 6.276590228080749512e-01
4.200493097305297852e-01 7.704952359199523926e-01
3.194854557514190674e-01 6.347734928131103516e-01
5.102180242538452148e-01 4.951535165309906006e-01
6.170224547386169434e-01 9.157379865646362305e-01
2.285590162500739098e-03 1.000000000000000000e+00
4.600669145584106445e-01 8.526683449745178223e-01
6.902064085006713867e-01 3.960319161415100098e-01
4.897781908512115479e-01 8.299072384834289551e-01
6.226320862770080566e-01 7.305798530578613281e-01
5.914888381958007812e-01 5.428070425987243652e-01
